Ee= -10
Ei= -80
g= 0.0208332142857143
E= -42.5041057377471
